1 8 8 1 1 1 1 1 1 1 0 0 0 0 0 0 0 8 8 0
4 8 8 1 1 1 1 1 1 1 0 0 0 0 0 0 0 8 8 2
4 8 8 1 8 8 8 8 1 1 0 0 8 8 8 8 0 8 8 2
1 8 8 1 8 8 8 8 1 1 0 0 8 8 8 8 0 8 8 0
7 1 1 1 8 8 8 8 1 1 0 0 8 8 8 8 0 0 0 6
1 1 1 1 8 8 8 8 1 1 0 0 8 8 8 8 0 0 0 0
1 1 1 1 8 8 8 8 1 1 0 0 8 8 8 8 0 0 0 0
1 1 1 1 8 8 8 8 1 1 0 0 8 8 8 8 0 0 0 0
1 1 1 1 1 1 1 1 1 1 0 0 0 0 0 0 0 0 0 0
1 1 1 1 1 1 1 1 1 1 0 0 0 0 0 0 0 0 0 0
0 0 0 0 0 0 0 0 0 0 1 1 1 1 1 1 1 1 1 1
0 0 0 0 0 0 0 0 0 0 1 1 1 1 1 1 1 1 1 1
0 0 0 0 8 8 8 8 0 0 1 1 8 8 8 8 1 1 1 1
0 0 0 0 8 8 8 8 0 0 1 1 8 8 8 8 1 1 1 1
0 0 0 0 8 8 8 8 0 0 1 1 8 8 8 8 1 1 1 1
0 0 0 0 8 8 8 8 0 0 1 1 8 8 8 8 1 1 1 1
0 8 8 0 8 8 8 8 0 0 1 1 8 8 8 8 1 8 8 1
2 8 8 0 8 8 8 8 0 0 1 1 8 8 8 8 1 8 8 4
2 8 8 0 0 0 0 0 0 0 1 1 1 1 1 1 1 8 8 4
0 8 8 0 0 0 0 0 0 0 1 1 1 1 1 1 1 8 8 1
