1 1 1 1 1 1 1 1 1 1 0 0 0 0 0 0 0 2 2 2
4 1 1 1 1 1 1 1 1 1 0 0 0 0 0 8 8 8 8 6
1 1 1 1 1 1 1 1 1 1 0 0 0 0 0 8 8 8 8 0
1 1 1 1 1 1 1 1 1 1 0 0 0 0 0 8 8 8 8 0
1 1 1 8 8 8 8 8 8 1 0 0 0 0 0 8 8 8 8 0
1 1 1 8 8 8 8 8 8 8 0 8 8 0 0 8 8 8 8 0
1 1 1 1 8 8 8 8 8 8 8 8 8 8 8 8 8 8 8 0
1 1 1 1 8 8 8 8 8 8 8 8 8 8 8 8 0 0 0 0
1 1 1 1 8 8 8 8 8 8 0 8 8 0 0 0 0 0 0 0
1 1 1 1 1 1 1 1 1 1 0 0 0 0 0 0 0 0 0 0
0 0 0 0 0 0 0 0 0 0 1 1 1 1 1 1 1 1 1 1
0 0 0 0 8 8 8 8 8 8 1 8 8 1 1 1 1 1 1 1
0 0 0 0 8 8 8 8 8 8 8 8 8 8 8 8 1 1 1 1
0 0 0 0 8 8 8 8 8 8 8 8 8 8 8 8 8 8 8 1
0 0 0 8 8 8 8 8 8 8 1 8 8 1 1 8 8 8 8 1
0 0 0 8 8 8 8 8 8 0 1 1 1 1 1 8 8 8 8 1
0 0 0 0 0 0 0 0 0 0 1 1 1 1 1 8 8 8 8 1
0 0 0 0 0 0 0 0 0 0 1 1 1 1 1 8 8 8 8 1
2 0 0 0 0 0 0 0 0 0 1 1 1 1 1 8 8 8 8 7
0 0 0 0 0 0 0 0 0 0 1 1 1 1 1 1 1 4 4 4
